%YAML:1.0

#common parameters
#support: 1 imu 1 cam; 1 imu 2 cam: 2 cam; 
imu: 1         
num_of_cam: 2  

imu_topic: "/imu0"
image0_topic: "/cam0/image_raw"
image1_topic: "/cam1/image_raw"
output_path: "/home/tan/"

cam0_calib: "cam0_pinhole.yaml"
cam1_calib: "cam1_pinhole.yaml"
image_width: 800
image_height: 600


# Extrinsic parameter between IMU and Camera.
estimate_extrinsic: 0   # 0  Have an accurate extrinsic parameters. We will trust the following imu^R_cam, imu^T_cam, don't change it.
                        # 1  Have an initial guess about extrinsic parameters. We will optimize around your initial guess.

body_T_cam0: !!opencv-matrix
   rows: 4
   cols: 4
   dt: d
#    data: [0.9998612058303892, 0.01304367958981074, -0.010364916698063206, 0.02144194761106891,   //error
#         -0.010166689963071103, -0.015172783756071229, -0.9998331986127915, 0.07032907927124853,
#         -0.013198768525670264, 0.9997998044888032, -0.015038066815782014, -0.024011642527326717,
#         0.0, 0.0, 0.0, 1.0]
   data: [0.99986121,-0.01016669,-0.01319877,-0.02104088,   
        0.01304368,-0.01517278,0.99979980,0.02479424,   
        -0.01036492,-0.99983320,-0.01503807,0.07017850,   
        0.00000000,0.00000000,0.00000000,1.00000000]

   # data: [0.01333650,-0.01850323,0.99973985,0.01836684,   
   #        0.99990561,-0.00305583,-0.01339527,-0.02021859,   
   #        0.00330290,0.99982413,0.01846073,-0.06815434,   
   #        0.00000000,0.00000000,0.00000000,1.00000000] 

body_T_cam1: !!opencv-matrix
   rows: 4
   cols: 4
   dt: d
#    data: [0.9998208093925861, 0.01793371118286751, 0.006060619503342777, -0.5756212842567886,    //error
#         0.0062439112567342055, -0.010182233545631969, -0.9999286653018009, 0.06427008897573354,
#         -0.017870721243778438, 0.9997873294472341, -0.010292385486147748, -0.017059374290234096,
#         0.0, 0.0, 0.0, 1.0]
   # data: [0.99982081,0.00624391,-0.01787072,0.57481198,
   #      0.01793371,-0.01018223,0.99978733,0.02803319,   
   #      0.00606062,-0.99992867,-0.01029239,0.06757854,   
   #      0.00000000,0.00000000,0.00000000,1.00000000]

   data: [0.99986213,-0.01016619,-0.01319762,-0.61657589,   
         0.01304486,-0.01517354,0.99980037,0.02252490,   
         -0.01036479,-0.99983480,-0.01503897,0.07304430,   
         0.00000000,0.00000000,0.00000000,1.00000000   ]   

#Multiple thread support
multiple_thread: 1

#feature traker paprameters
max_cnt: 150            # max feature number in feature tracking
min_dist: 30            # min distance between two features 
freq: 10                # frequence (Hz) of publish tracking result. At least 10Hz for good estimation. If set 0, the frequence will be same as raw image 
F_threshold: 1.0        # ransac threshold (pixel)
show_track: 1           # publish tracking image as topic
flow_back: 1            # perform forward and backward optical flow to improve feature tracking accuracy

#optimization parameters
max_solver_time: 0.04  # max solver itration time (ms), to guarantee real time
max_num_iterations: 8   # max solver itrations, to guarantee real time
keyframe_parallax: 10.0 # keyframe selection threshold (pixel)

#imu parameters       The more accurate parameters you provide, the better performance
# acc_n: 0.1          # accelerometer measurement noise standard deviation. 
# gyr_n: 0.01         # gyroscope measurement noise standard deviation.     
# acc_w: 0.001        # accelerometer bias random work noise standard deviation.  
# gyr_w: 0.0001       # gyroscope bias random work noise standard deviation.    
acc_n: 0.01          # accelerometer measurement noise standard deviation. 
gyr_n: 0.005         # gyroscope measurement noise standard deviation.     
acc_w: 0.0002        # accelerometer bias random work noise standard deviation.  
gyr_w: 4.0e-06       # gyroscope bias random work noise standard deviation.  
g_norm: 9.79719    # gravity magnitude

#unsynchronization parameters
estimate_td: 0                      # online estimate time offset between camera and imu
td: 0.0                             # initial value of time offset. unit: s. readed image clock + td = real image clock (IMU clock)

#loop closure parameters
load_previous_pose_graph: 0        # load and reuse previous pose graph; load from 'pose_graph_save_path'
pose_graph_save_path: "/home/tan/pose_graph/" # save and load path
save_image: 1                   # save image in pose graph for visualization prupose; you can close this function by setting 0 
